##############################################################
Running  : ./mmt test/instances/queen8_8.col
Machine  : fabians-mbp.local, pid: 14515
Date     : Sun Apr 11 18:46:25 2021
Changeset: cdd6ab0946b30357632bae4ed5c1c663bd00a98f
##############################################################
Extracted problem name queen8_8
Rounding strategy: neighbor
113,	88,	71,	84,	67,	67,	71,	84,	105,	63,	65,	88,	90,	105,	88,	105,	63,	44,	67,	86,	105,	42,	65,	63,	115,	88,	86,	65,	113,	88,	67,	86,	113,	90,	105,	115,	63,	65,	86,	90,	63,	63,	63,	107,	86,	67,	113,	107,	65,	109,	107,	67,	88,	52,	136,	65,	65,	88,	90,	111,	86,	86,	63,	48,	63,	42,	63,	90,	86,	84,	67,	44,	42,	105,	48,	88,	88,	109,	42,	27,	86,	67,	105,	92,	109,	86,	88,	65,	86,	84,	42,	86,	63,	23,	105,	86,	67,	117,	88,	42,	94,	46,	42,	84,	63,	88,	65,	65,	46,	86,	136,	21,	46,	63,	63,	86,	109,	42,	44,	107,	86,	44,	109,	63,	63,	86,	86,	105,	65,	84,	88,	88,	63,	44,	63,	67,	42,	46,	21,	65,	84,	107,	126,	65,	63,	88,	65,	86,	42,	126,	63,	105,	86,	67,	48,	90,	107,	63,	67,	115,	42,	86,	84,	105,	84,	67,	65,	111,	69,	44,	42,	84,	113,	63,	90,	44,	63,	90,	63,	105,	69,	52,	21,	88,	109,	109,	90,	94,	84,	86,	90,	86,	113,	90,	67,	67,	88,	90,	44,	111,	42,	88,	111,	48,	86,	42,	44,	42,	84,	109,	63,	63,	50,	42,	48,	134,	84,	65,	63,	65,	46,	65,	67,	105,	42,	84,	44,	65,	44,	90,	63,	86,	88,	65,	71,	65,	42,	69,	63,	109,	63,	111,	44,	65,	128,	42,	21,	86,	67,	84,	88,	88,	44,	67,	65,	63,	86,	109,	88,	65,	46,	67,	84,	107,	63,	65,	65,	63,	42,	94,	105,	84,	65,	90,	65,	63,	44,	65,	44,	63,	21,	42,	109,	107,	42,	65,	109,	107,	42,	65,	42,	88,	65,	84,	63,	107,	88,	88,	46,	42,	63,	84,	63,	117,	42,	132,	69,	63,	94,	107,	109,	107,	84,	67,	86,	63,	90,	86,	84,	65,	86,	90,	84,	105,	86,	42,	109,	84,	67,	42,	63,	69,	88,	21,	63,	65,	42,	138,	67,	86,	115,	84,	65,	107,	46,	90,	65,	50,	86,	50,	67,	63,	73,	69,	88,	23,	46,	86,	67,	63,	67,	48,	42,	69,	90,	44,	48,	84,	94,	88,	50,	67,	92,	44,	63,	65,	63,	67,	86,	86,	69,	65,	69,	109,	42,	86,	63,	86,	69,	84,	25,	86,	65,	84,	86,	46,	21,	42,	42,	42,	42,	69,	84,	92,	88,	42,	84,	21,	44,	65,	88,	46,	63,	128,	65,	84,	84,	46,	21,	48,	44,	63,	69,	84,	44,	44,	86,	46,	67,	98,	63,	42,	46,	107,	46,	65,	71,	63,	67,	86,	90,	65,	105,	63,	44,	92,	107,	42,	92,	67,	84,	48,	94,	44,	44,	65,	42,	65,	63,	88,	42,	88,	90,	107,	67,	63,	65,	21,	21,	65,	48,	65,	63,	65,	42,	65,	90,	65,	86,	88,	42,	88,	44,	67,	MMTPartialColoring.toString() of 0x7ffee1208558
successfully colored with 9 colors.
( color 0 ):1 14 18 29 39 44 48 59 
( color 1 ):3 9 22 26 37 47 52 56 
( color 2 ):4 15 19 24 34 45 49 62 
( color 3 ):0 13 17 28 38 43 58 
( color 4 ):6 10 21 31 36 40 51 
( color 5 ):5 20 25 35 46 50 63 
( color 6 ):12 23 27 32 42 53 57 
	...
solution found ? 	YAAY in 11.2331 secs
